//将 9999 0
0 0 0 0 0 0 0 0 0
0 0 0 0 0 0 0 0 0
0 0 0 0 0 0 0 0 0
0 0 0 0 0 0 0 0 0
0 0 0 0 0 0 0 0 0
0 0 0 0 0 0 0 0 0
0 0 0 0 0 0 0 0 0
0 0 0  1  1  1 0 0 0
0 0 0  2  2  2 0 0 0
0 0 0 11 15 11 0 0 0
//士 25 0
0 0 0 0 0 0 0 0 0
0 0 0 0 0 0 0 0 0
0 0 0 0 0 0 0 0 0
0 0 0 0 0 0 0 0 0
0 0 0 0 0 0 0 0 0
0 0 0 0 0 0 0 0 0
0 0 0 0 0 0 0 0 0
0 0 0 -2 0 -2 0 0 0
0 0 0  0 2  0 0 0 0
0 0 0  0 0  0 0 0 0
//相 26 0
0 0 0 0 0 0 0 0 0
0 0 0 0 0 0 0 0 0
0 0 0 0 0 0 0 0 0
0 0 0 0 0 0 0 0 0
0 0 0 0 0 0 0 0 0
 0 0 -1 0 0 0 -1 0 0
 0 0  0 0 0 0  0 0 0
-1 0  0 0 2 0  0 0 -1
 0 0  0 0 0 0  0 0 0
 0 0  0 0 0 0  0 0 0
//马 144 1
 -5  -5  -5  1  -5   1  -5  -5  -5
 -5   1   8  2  -1   2   8   1  -5
 -3   3   4  8   4   8   4   3  -3
 -2  13   5 12   5  12   5  13  -2
 -5   5   4  8   9   8   4   5  -5
 -5   3   6  7   8   7   6   3  -5
 -3  -1   3  0   3   0   3  -1  -3
 -2  -3   0  0  -3   0   0  -3  -2
-10  -5  -3 -3 -17  -3  -3  -5 -10
 -7 -10  -5 -7  -5  -7  -5 -10  -7
//车 340 1
06  08  07  10  17  10  07  08  06
06  08  07  14  33  14  07  08  06
06  06  07  08  16  08  07  06  06
06  09  13  16  16  16  13  09  06
08  11  11  14  15  14  11  11  08
08  12  12  14  15  14  12  12  08
00  00  00  02  04  02  00  00  00
-2  00  00  02  02  02  00  00  -2
 0  00  00  02  00  02  00  00  00
-15 03  04  12  00  12  04  03 -15
//炮 152 0
 5  5  1  -4  -5  -4   1   5  5
 3  3  1  -10 -6  -10  1   3  3
 2  2  1  -12 -3  -12  1   2  2
 1  4  4   3   5   3   4   4  1
 1  1  1   1   5   1   1   1  1
 0  1  4   1   5   1   4   1  0
 1  1  1   1   1   1   1   1  1
 2  1  5   4   6   4   5   1  2
 1  2  3   3   3   3   3   2  1
 1  1  2   4   4   4   2   1  1
//兵 13 1
-3  -3  -3  -1   1  -1  -3  -3 -3
17  27  47  62  67  62  47  27 17 
17  27  42  52  52  52  42  27 17 
17  24  27  37  39  37  27  24 17
 7  15  15  24  25  24  15  15  7 
-5   0   1   0   4   0   1   0 -5 
-5   0  -5   0   3   0  -5   0 -5 
 0  0  0  0  0  0  0  0  0
 0  0  0  0  0  0  0  0  0
 0  0  0  0  0  0  0  0  0

//车的控制
1.0  1.0
1  1  1  5  5  5  1  1  1
1  1  1  4  8  4  1  1  1
1  1  1  4  4  4  1  1  1
1  1  1  3  2  3  1  1  1
1  1  1  2  2  2  1  1  1
1  1  1  2  2  2  1  1  1
1  1  1  1  1  1  1  1  1
0  1  1  0  1  0  1  1  0
0  1  1  0  0  0  1  1  0
0  0  1  1  0  1  1  0  0
//车具有威胁的临界控制值
13 14
//车的灵活性奖赏
-18  -12  -8  -5  -2  -1  0  2  4  4  4  4  5  5  5  5
//炮的控制
1.0  1.0
1  1  1  5  5  5  1  1  1
1  1  1  4  8  4  1  1  1
1  1  1  4  4  4  1  1  1
1  1  1  3  2  3  1  1  1
1  1  1  2  2  2  1  1  1
1  1  1  2  2  2  1  1  1
1  1  1  1  1  1  1  1  1
0  1  1  0  1  0  1  1  0
0  1  1  0  0  0  1  1  0
0  0  1  1  0  1  1  0  0
//炮的灵活性奖赏
-2  -1  0  0  0  0  0  0  0  0  0  0  0  0  1  1
//马的控制
1.0  1.0
0 0 2 5 10 5 2 0 0
0 0 2 5  5 5 2 0 0
0 0 2 5  5 5 2 0 0
0 0 2 2  2 2 2 0 0
0 0 2 2  2 2 2 0 0
0 0 2 2  0 2 2 0 0
0 0 0 0  0 0 0 0 0
0 0 0 0  0 0 0 0 0
0 0 0 0  0 0 0 0 0
0 0 0 0  0 0 0 0 0
//马的灵活性奖赏
-8  -8  -6  -4  0  0  0  2  4  4  4  4  5  5  5  5

//NullMove产生截断NVal>=Beta时的返回边界值NullMoveMarginValue
0

//下面开始读取开局和中局、中局和残局的分界值(进攻点数分界值)
1900 1250 4

//先行权奖赏价值,和棋藐视因子
7 0

//下面开始读取特殊盘面情况附加奖赏评价值
//特殊评价的最大边界值随着评价的细致逐级减少
135

//0到6个棋子配合参加进攻的附加奖赏值(每个棋子分半进攻和全进攻两个级别)
0 0 0 2 6 30 50 60 65 70 80 90 90
区域子力不平衡的附加评价值(主要针对侧面多子归边威胁),奖赏随着局部区域兵力差异的增大而增加
0 0 4 6 8 12 18 24 40 44 64 96 128 192 256 384

//读取一般红中炮随纵坐标不同的威胁分值,大体上越往上压近黑王威胁越大,炮镇窝心马时分值要翻四番
相对于红中炮对黑方的威胁,黑方情况程序回自己反过来计算
0   0   0  9  9  6  3  4  1  1
//中炮而且封锁将门的附加值,双士都在但王占中心惩罚
7 4
//读取一般红空头炮随纵坐标不同的威胁分值,大体上越往下远离黑王威胁越大
相对于红中空头炮对黑方的威胁,黑方情况程序回自己反过来计算
0   0   0  22  25  30  40  60  60  60
//沉底炮的威胁分值,指标是列号,大体上越靠近边线威胁越大
沉底炮的威胁分值,指标是列号,大体上越靠近边线威胁越大
12  9   1   0   0   0   1  9  12 

//缺少双车惩罚值,缺少双炮惩罚值,缺少双马惩罚值
缺少双车惩罚值,缺少双炮惩罚值,缺少双马惩罚值
12 6 6

//读取双车威胁的附加评价值
对方缺1个士的奖赏值,对方缺2个士的奖赏值
35 70

//读取车的牵制评价值
对方被挤压的两个棋子之间的距离从0-10的奖赏
0 25 20 15 10 5 2 1 1 0 0
0 20 15 10  5 2 1 1 0 0
//读取炮的牵制评价值
对方被挤压的两个棋子之间的距离从0-10的奖赏
0 25 20 15 10 5 2 1 1 0 0
0 20 15 10  5 2 1 1 0 0
//读取王的牵制评价值
对方被挤压的两个棋子之间的距离从0-10的奖赏
0 20 18 15 10 5 4 3 2 1 0
0 18 15 10  5 4 3 2 1 0

//读取马被蹩腿的附加评价值
马0-4四个方向不蹩腿数量的奖赏值,保留
-12 -8 -2 1 4 0

//兵进入残局后价值会增加,读取每个兵进入残局后的附加价值
每个兵进入残局后的附加价值(只适合于残局)
16

//末尾用于验证读取的评价数据
每个间隔
333 444 555 666 777